2019-09-07 00:00:01,24.190,35.8,60.5,,,0,12.1,92.0,0,0,82.0,10.9,1008.7,5,2.13
2019-09-08 00:00:01,23.23,32.9,58.9,,,0,10.6,97.0,0,0,29.0,10.2,1011.1,1,2.13
2019-09-09 00:00:01,22.93,28.7,58.7,,,0,12.9,94.0,0,0,25.0,11.9,1011.1,0,2.13
2019-09-10 00:00:01,23.03,28.1,59.9,,,0,15.0,98.0,0,0,25.0,14.7,1002.6,3,2.13
2019-09-11 00:00:01,23.14,26.8,60.2,,,0,14.3,99.0,0,0,1.0,14.1,1005.0,19,2.13
2019-09-12 00:00:01,22.59,26.5,60.6,,,0,14.2,98.0,1,1,98.0,13.9,1008.0,9,2.13
2019-09-13 00:00:01,22.36,25.9,61.0,14.8,99.9,0,15.1,84.0,0,0,27.0,12.4,1014.4,0,2.13
2019-09-15 00:00:01,22.01,23.9,59.8,11.8,99.9,0,11.6,83.0,0,0,81.0,8.8,1016.5,0,2.13
2019-09-16 00:00:01,21.86,22.4,59.7,12.6,97.3,0,12.8,70.0,1,2,306.0,7.5,1005.3,0,2.13
2019-09-17 00:00:01,21.71,21.5,59.1,11.4,99.9,0,11.2,84.0,0,0,0.0,8.6,1004.6,0,2.13
2019-09-18 00:00:01,21.81,19.1,59.1,7.3,99.9,0,7.2,95.0,0,0,37.0,6.4,1004.6,7,2.13
2019-09-19 00:00:01,26.04,33.0,59.9,7.4,99.9,0,6.4,96.0,0,0,7.0,5.9,1013.8,1,2.13
2019-09-20 00:00:01,25.1,33.7,58.0,7.8,99.9,0,5.5,98.0,0,0,38.0,5.2,1018.8,0,2.13
2019-09-21 00:00:01,24.86,28.9,56.1,12.7,99.9,0,12.7,90.0,0,0,4.0,11.1,1014.1,1,2.13
2019-09-22 00:00:01,24.61,24.9,55.9,9.6,99.9,0,7.1,99.0,0,0,18.0,6.9,1011.1,0,2.13
2019-09-23 00:00:01,24.59,24.8,56.3,13.2,99.9,0,13.8,86.0,0,1,221.0,11.5,1009.0,0,2.13
2019-09-24 00:00:01,28.29,34.0,57.3,12.0,99.9,0,12.2,88.0,1,2,147.0,10.2,1009.7,0,2.13
2019-09-25 00:00:01,27.56,33.5,57.0,13.3,99.9,0,13.0,96.0,0,0,57.0,12.4,1002.9,0,2.13
2019-09-26 00:00:01,27.07,31.6,57.0,12.8,99.9,0,13.0,86.0,1,1,65.0,10.7,1001.6,0,2.13
2019-09-27 00:00:01,27.07,24.8,55.6,14.1,99.9,0,14.7,93.0,0,0,99.0,13.6,1002.9,1,2.13
2019-09-28 00:00:01,27.06,25.2,57.0,11.5,99.9,0,10.7,99.0,0,0,94.0,10.5,999.5,16,2.13
2019-09-29 00:00:01,27.13,23.3,57.4,12.9,99.9,0,13.3,94.0,1,2,195.0,12.3,994.8,4,2.13
2019-09-30 00:00:01,27.14,21.5,57.9,12.4,99.9,0,11.6,99.0,0,0,83.0,11.4,983.0,2,2.13
2019-10-01 00:00:01,31.52,27.3,58.3,9.0,94.6,0,9.0,73.0,0,0,95.0,4.4,994.5,5,2.13
2019-10-02 00:00:01,30.63,35.3,57.7,5.7,99.9,0,4.7,98.0,0,0,37.0,4.4,990.4,0,2.13
2019-10-03 00:00:01,30.04,32.5,56.0,4.8,99.9,0,2.4,99.0,0,0,60.0,2.2,998.5,4,2.13
2019-10-04 00:00:01,29.72,24.4,53.5,7.2,99.9,0,6.5,91.0,0,0,49.0,5.2,1007.0,0,2.13
2019-10-07 00:00:01,29.45,18.8,54.7,1.2,99.9,0,-1.5,98.0,0,0,36.0,-1.8,1014.4,0,2.13
2019-10-08 00:00:01,26.66,34.1,55.9,2.8,99.9,0,1.6,98.0,0,0,39.0,1.3,1007.0,0,2.13
2019-10-09 00:00:02,27.35,33.7,56.7,8.5,99.9,0,8.8,98.0,0,0,38.0,8.5,991.8,11,2.13
2019-10-10 00:00:01,28.95,34.5,55.9,9.3,99.9,0,8.3,99.0,0,0,74.0,8.1,992.8,3,2.13
2019-10-11 00:00:01,28.87,33.9,55.8,9.9,99.9,0,10.0,95.0,0,0,57.0,9.2,998.5,0,2.13
2019-10-12 00:00:01,29.15,33.6,55.6,11.1,99.9,0,10.6,99.0,0,0,84.0,10.4,991.1,38,2.13
2019-10-13 00:00:01,30.13,34.3,54.7,10.4,99.9,0,10.0,97.0,0,0,63.0,9.6,1001.2,1,2.13
2019-10-14 00:00:01,30.67,34.5,53.8,15.0,99.9,0,15.3,99.0,0,0,43.0,15.1,995.1,8,2.13
2019-10-15 00:00:01,30.38,34.0,54.4,10.1,99.9,0,10.3,89.0,0,0,74.0,8.5,1008.4,0,2.13
2019-10-16 00:00:01,30.33,34.0,55.4,11.8,99.9,0,11.8,99.0,0,0,79.0,11.6,999.2,8,2.13
2019-10-17 00:00:01,30.28,33.0,56.6,12.2,99.9,0,12.3,99.0,0,0,43.0,12.1,999.9,6,2.13
2019-10-18 00:00:01,30.2,33.0,57.7,11.6,99.9,0,11.5,99.0,0,0,90.0,11.3,1003.6,4,2.13
2019-10-19 00:00:01,30.09,32.4,58.0,10.7,99.9,0,11.3,88.0,1,2,136.0,9.3,996.5,4,2.13
2019-10-20 00:00:01,29.99,32.5,57.6,12.0,99.9,0,12.3,99.0,0,0,70.0,12.1,998.9,16,2.13
2019-10-21 00:00:01,29.84,32.0,57.3,9.7,99.9,0,8.8,99.0,0,0,75.0,8.6,1007.7,1,2.13
2019-10-22 00:00:01,29.78,30.6,57.2,12.0,99.9,0,12.2,99.0,0,0,3.0,12.0,1011.1,1,2.13
2019-10-23 00:00:01,29.71,30.5,57.3,10.0,99.9,0,9.8,93.0,0,0,12.0,8.7,1013.8,0,2.13
2019-10-24 00:00:01,29.62,30.9,57.5,10.1,99.9,0,10.3,99.0,0,0,66.0,10.1,1008.4,0,2.13
2019-10-25 00:00:01,29.52,29.5,57.8,12.3,99.9,0,12.8,96.0,0,1,116.0,12.2,1000.2,0,2.13
2019-10-26 00:00:01,29.5,28.3,57.5,10.8,99.9,0,11.4,94.0,0,0,126.0,10.4,1005.6,3,2.13
2019-10-27 00:00:01,29.41,28.3,57.9,13.8,99.9,0,14.8,85.0,0,0,122.0,12.3,995.8,1,2.13
2019-10-28 00:00:01,29.33,27.4,56.9,7.3,99.9,0,7.5,88.0,0,0,349.0,5.6,1002.3,2,2.13
2019-10-29 00:00:01,29.36,27.1,56.7,3.9,99.9,0,3.4,99.0,0,0,25.0,3.2,1012.1,4,2.13
2019-10-30 00:00:01,29.21,25.8,56.2,-0.6,99.9,0,-2.5,99.0,0,0,22.0,-2.7,1022.9,0,2.13
2019-10-31 00:00:01,29.05,25.1,56.7,4.1,99.9,0,4.1,86.0,0,0,62.0,2.0,1019.5,0,2.13
2019-11-01 00:00:01,28.94,25.3,57.2,4.6,99.9,0,5.2,94.0,0,0,28.0,4.2,1015.1,0,2.13
2019-11-02 00:00:01,28.99,25.3,57.2,5.2,99.9,0,5.1,97.0,0,0,95.0,4.7,991.4,4,2.13
2019-11-03 00:00:01,28.88,26.2,58.3,9.4,99.9,0,9.3,99.0,0,0,71.0,9.1,981.9,9,2.13
2019-11-04 00:00:01,28.71,27.0,58.7,9.6,99.9,0,9.6,99.0,0,0,60.0,9.4,983.3,0,2.13
2019-11-05 00:00:01,28.75,24.8,58.1,6.6,99.9,0,6.6,96.0,1,2,67.0,6.1,986.7,3,2.13
2019-11-06 00:00:01,28.72,25.0,57.9,2.7,99.9,0,2.3,97.0,0,1,16.0,1.9,992.4,2,2.13
2019-11-07 00:00:02,28.55,24.7,58.5,2.3,99.9,0,1.2,97.0,0,0,56.0,0.8,995.1,0,2.13
2019-11-08 00:00:01,28.56,25.3,59.6,4.7,99.9,0,5.3,99.0,0,0,46.0,5.1,997.2,1,2.13
2019-11-09 00:00:01,28.43,25.4,60.1,3.5,99.9,0,2.7,99.0,0,0,64.0,2.5,1001.6,2,2.13
2019-11-10 00:00:01,28.38,24.9,60.0,4.3,99.9,0,2.4,99.0,0,0,22.0,2.2,999.9,0,2.13
2019-11-11 00:00:01,28.33,24.5,60.3,2.7,99.9,0,1.1,99.0,0,0,53.0,0.9,1005.0,0,2.13
2019-11-12 00:00:01,28.19,23.5,61.0,5.6,99.9,0,6.5,79.0,1,3,103.0,3.1,996.5,0,2.13
2019-11-13 00:00:01,28.15,22.6,62.1,5.0,99.9,0,6.2,87.0,0,0,90.0,4.2,994.8,2,2.13
2019-11-14 00:00:01,28.09,21.9,63.2,4.2,99.9,0,3.2,96.0,0,0,69.0,2.7,993.8,0,2.13
2019-11-15 00:00:01,28.11,21.7,64.7,1.7,99.9,0,2.3,99.0,0,0,48.0,2.1,1007.7,1,2.13
2019-11-16 00:00:01,28.06,20.8,65.6,8.6,99.9,0,9.0,98.0,1,2,194.0,8.7,1001.9,2,2.13
2019-11-17 00:00:01,28.11,21.1,66.3,6.8,99.9,0,7.1,97.0,1,2,308.0,6.7,999.2,10,2.13
2019-11-18 00:00:01,27.99,20.7,66.6,6.7,99.9,0,7.6,80.0,0,0,28.0,4.4,1004.3,0,2.13
2019-11-19 00:00:01,27.98,21.4,67.2,7.6,99.9,0,7.7,92.0,1,1,168.0,6.5,998.2,0,2.13
2019-11-20 00:00:01,27.91,21.0,67.5,7.1,99.9,0,7.4,92.0,1,2,203.0,6.2,1010.0,1,2.13
2019-11-21 00:00:01,27.94,20.8,67.7,7.6,99.9,0,8.2,92.0,2,3,119.0,7.0,1009.7,2,2.13
2019-11-22 00:00:01,28,21.2,68.7,7.8,99.9,0,8.0,98.0,1,2,99.0,7.7,1004.6,2,2.13
2019-11-23 00:00:01,27.91,21.0,69.2,8.4,99.9,0,8.9,94.0,2,4,100.0,7.9,1006.0,8,2.13
2019-11-24 00:00:01,27.83,21.0,69.9,6.2,99.9,0,6.4,91.0,1,1,108.0,5.1,1007.0,0,2.13
2019-11-25 00:00:01,27.76,21.0,71.0,6.7,99.9,0,6.9,91.0,1,2,320.0,5.6,1007.0,0,2.13
2019-11-26 00:00:01,27.75,19.9,71.8,5.4,99.9,0,5.4,99.0,0,0,230.0,5.2,1004.3,0,2.13
2019-11-27 00:00:01,27.75,20.0,73.3,6.7,99.9,0,7.1,95.0,1,1,100.0,6.3,994.5,0,2.13
2019-11-28 00:00:01,27.82,20.1,74.5,7.5,99.9,0,7.8,99.0,2,2,123.0,7.6,982.3,5,2.13
2019-11-29 00:00:01,27.85,20.6,74.4,6.7,99.9,0,6.8,97.0,0,0,5.0,6.4,977.5,6,2.13
2019-11-30 00:00:01,27.78,19.5,75.7,-0.2,99.9,0,-0.5,94.0,0,0,18.0,-1.4,1003.6,3,2.13
2019-12-01 00:00:01,27.77,19.4,78.7,-1.5,99.9,0,-2.4,98.0,0,0,34.0,-2.7,1012.8,0,2.13
2019-12-02 00:00:01,27.73,17.0,79.3,1.6,99.9,0,1.8,99.0,0,0,344.0,1.6,1008.0,0,2.13
2019-12-03 00:00:01,27.46,19.0,79.1,-1.7,99.9,0,-572.8,-999.0,,,,-572.8,1014.4,-25375,2.13
2019-12-04 00:00:01,27.46,16.5,79.2,7.3,99.9,0,7.5,99.0,0,0,337.0,7.3,1009.0,2,2.13
2019-12-05 00:00:01,27.33,16.3,80.7,5.7,99.9,0,6.0,93.0,0,0,358.0,4.9,1009.4,1,2.13
2019-12-06 00:00:01,27.24,16.5,81.7,6.0,99.9,0,6.4,88.0,0,1,333.0,4.5,996.2,0,2.13
2019-12-07 00:00:01,27.36,15.7,81.5,6.8,99.9,0,6.9,98.0,0,0,81.0,6.6,986.7,6,2.13
2019-12-08 00:00:01,27.24,15.9,82.5,4.2,99.9,0,4.3,95.0,0,0,168.0,3.5,995.8,1,2.13
2019-12-09 00:00:01,27.3,15.7,82.5,5.2,99.9,0,5.4,92.0,0,0,347.0,4.2,980.6,10,2.13
2019-12-10 00:00:01,27.3,16.3,83.2,3.4,99.9,0,3.8,80.0,1,1,273.0,0.7,994.8,3,2.13
2019-12-11 00:00:01,27.18,16.8,85.8,3.7,99.9,0,4.7,83.0,2,2,205.0,2.0,1003.9,0,2.13
2019-12-12 00:00:01,27.26,14.6,84.7,4.9,99.9,0,4.9,99.0,0,0,114.0,4.7,995.5,4,2.13
2019-12-13 00:00:01,27.23,15.6,84.7,4.0,99.9,0,4.4,91.0,0,0,52.0,3.1,987.0,3,2.13
2019-12-14 00:00:01,27.12,15.0,86.2,3.7,99.9,0,4.0,86.0,1,2,183.0,1.9,975.8,0,2.13
2019-12-15 00:00:01,27.18,15.5,88.2,3.9,99.9,0,4.3,92.0,0,0,62.0,3.1,978.9,5,2.13
2019-12-16 00:00:01,27.18,14.6,88.3,3.8,99.9,0,3.7,94.0,0,0,348.0,2.7,992.4,6,2.13
2019-12-17 00:00:02,27.45,24.0,88.4,4.5,99.9,0,4.8,97.0,0,0,92.0,4.4,997.5,0,2.13
2019-12-18 00:00:01,27.49,23.8,83.3,6.4,99.9,0,7.5,93.0,0,0,114.0,6.4,991.4,0,2.13
2019-12-19 00:00:01,27.4,22.1,81.3,2.4,99.9,0,2.8,99.0,0,0,36.0,2.6,1012.1,0,2.13
2019-12-20 00:00:01,27.34,21.9,83.0,5.7,99.9,0,6.7,94.0,1,1,162.0,5.7,999.9,0,2.13
2019-12-21 00:00:01,27.28,23.0,83.4,5.7,99.9,0,6.3,97.0,1,1,126.0,5.9,980.2,0,2.13
2019-12-22 00:00:01,27.24,21.5,83.5,3.7,99.9,0,3.4,99.0,0,0,30.0,3.2,982.6,0,2.13
2019-12-23 00:00:01,27.19,21.4,85.5,5.5,99.9,0,5.6,96.0,0,0,332.0,5.1,984.6,0,2.13
2019-12-24 00:00:02,27.14,22.0,86.4,6.3,99.9,0,6.2,99.0,0,0,3.0,6.0,997.5,0,2.13
2019-12-25 00:00:01,27.05,21.7,86.4,4.1,99.9,0,3.8,99.0,0,0,57.0,3.6,999.5,0,2.13
2019-12-26 00:00:01,26.96,21.9,87.1,5.3,99.9,0,5.1,98.0,0,0,7.0,4.8,1010.0,0,2.13
2019-12-27 00:00:01,26.83,22.4,87.8,0.9,99.9,0,0.6,94.0,0,0,10.0,-0.4,1017.2,0,2.13
2019-12-28 00:00:01,26.73,21.8,86.8,-0.4,99.9,0,-0.7,83.0,0,0,28.0,-3.3,1032.1,0,2.13
2019-12-29 00:00:01,26.61,21.2,86.6,-0.3,99.9,0,0.0,91.0,0,0,172.0,-1.3,1031.4,0,2.13
2019-12-30 00:00:01,26.5,20.9,86.4,3.3,99.9,0,4.1,74.0,0,0,334.0,-0.1,1017.2,0,2.13
2019-12-31 00:00:01,26.38,21.9,84.7,7.6,99.9,0,7.8,95.0,1,2,35.0,7.0,1007.3,0,2.13
2020-01-01 00:00:01,26.3,25.0,83.7,1.0,99.9,0,0.8,98.0,0,0,5.0,0.5,1022.2,0,2.13
2020-01-02 00:00:01,26.16,23.5,82.3,1.9,99.9,0,1.6,92.0,0,0,84.0,0.4,1017.8,0,2.13
2020-01-03 00:00:01,26.08,23.6,81.7,2.2,99.9,0,2.1,95.0,1,2,234.0,1.4,1007.3,0,2.13
2020-01-04 00:00:01,26.11,23.1,81.3,3.4,99.9,0,3.5,92.0,0,1,335.0,2.3,1003.6,0,2.13
2020-01-05 00:00:01,25.97,24.4,80.9,0.7,99.9,0,1.6,81.0,0,0,13.0,-1.3,1017.2,0,2.13
2020-01-06 00:00:01,25.98,22.2,79.1,4.8,99.9,0,5.0,97.0,0,0,38.0,4.6,1017.2,0,2.13
2020-01-07 00:00:01,25.98,22.6,79.2,5.0,99.9,0,4.9,96.0,0,0,34.0,4.4,1009.4,0,2.13
2020-01-08 00:00:01,25.87,22.9,78.6,5.7,99.9,0,,,,,,,,,2.13
2020-01-09 00:00:01,25.79,22.9,76.7,4.0,99.9,0,,,,,,,,,2.13
2020-01-10 00:00:01,25.82,21.7,74.6,8.6,99.9,0,,,,,,,,,2.13
2020-01-11 00:00:01,25.83,21.4,73.9,4.8,99.9,0,,,,,,,,,2.13
2020-01-12 00:00:01,25.68,22.7,72.9,5.8,99.9,0,,,,,,,,,2.13
2020-01-13 00:00:01,25.61,22.0,72.2,5.6,99.9,0,,,,,,,,,2.13
2020-01-14 00:00:01,25.55,24.3,71.8,4.7,99.9,0,,,,,,,,,2.13
2020-01-15 00:00:01,25.55,21.9,71.9,8.2,99.9,0,,,,,,,,,2.13
2020-01-16 00:00:01,25.49,22.8,71.4,5.0,99.9,0,,,,,,,,,2.13
2020-01-17 00:00:01,25.38,22.4,69.8,3.3,99.9,0,,,,,,,,,2.13
2020-01-18 00:00:01,25.39,20.8,67.9,4.9,99.9,0,,,,,,,,,2.13
2020-01-19 00:00:01,25.4,21.5,67.0,3.4,99.9,0,,,,,,,,,2.13
2020-01-20 00:00:01,25.37,20.9,66.5,-1.1,99.9,0,,,,,,,,,2.13
2020-01-21 00:00:01,25.23,20.6,66.8,6.1,99.9,0,,,,,,,,,2.13
2020-01-22 00:00:01,25.16,20.1,66.4,6.0,99.9,0,,,,,,,,,2.13
2020-01-23 00:00:01,25.15,20.6,64.7,-1.1,99.9,0,,,,,,,,,2.13
2020-01-24 00:00:01,25.14,19.8,64.4,5.7,99.9,0,,,,,,,,,2.13
2020-01-25 00:00:01,25.21,19.7,64.8,6.1,99.9,0,,,,,,,,,2.13
2020-01-27 00:00:01,25.05,19.2,64.0,3.3,99.9,0,,,,,,,,,2.13
2020-01-28 00:00:01,25.08,18.8,65.2,5.7,99.9,0,,,,,,,,,2.13
2020-01-29 00:00:01,25.12,19.8,66.0,2.4,99.9,0,,,,,,,,,2.13
2020-01-30 00:00:01,25.01,20.8,66.1,4.3,99.9,0,,,,,,,,,2.13
2020-01-31 00:00:01,25.13,20.5,66.2,5.8,99.9,0,,,,,,,,,2.13
2020-02-01 00:00:01,25.02,19.3,66.3,7.9,99.9,0,,,,,,,,,2.13
2020-02-02 00:00:01,25.01,20.2,67.0,6.6,99.9,0,,,,,,,,,2.13
2020-02-03 00:00:01,24.89,19.0,65.8,0.6,99.9,0,,,,,,,,,2.13
2020-02-04 00:00:01,24.93,18.4,64.4,4.0,99.9,0,,,,,,,,,2.13
2020-02-05 00:00:01,24.82,16.9,63.9,2.6,99.9,0,,,,,,,,,2.13
2020-02-06 00:00:01,24.74,15.5,64.2,4.9,99.9,0,,,,,,,,,2.13
2020-02-07 00:00:01,24.72,14.5,63.9,4.2,99.9,0,,,,,,,,,2.13
2020-02-08 00:00:01,24.69,14.6,64.1,4.4,99.9,0,,,,,,,,,2.13
2020-02-09 00:00:01,24.61,16.0,62.6,5.4,99.9,0,,,,,,,,,2.13
2020-02-10 00:00:01,24.69,15.1,62.7,7.0,99.9,0,,,,,,,,,2.13
2020-02-11 00:00:01,24.74,16.1,63.2,2.6,99.9,0,,,,,,,,,2.13
2020-02-12 00:00:01,24.66,13.6,61.7,2.5,99.9,0,,,,,,,,,2.13
2020-02-13 00:00:01,24.64,24.4,60.7,3.3,99.9,0,,,,,,,,,2.13
2020-02-14 00:00:01,24.68,13.8,59.5,3.0,99.9,0,,,,,,,,,2.13
2020-02-15 00:00:01,24.6,12.8,58.7,2.4,99.9,0,,,,,,,,,2.13
2020-02-16 00:00:01,24.64,13.6,59.2,6.5,99.9,0,,,,,,,,,2.13
2020-02-17 00:00:01,24.63,16.5,59.8,6.1,99.9,0,,,,,,,,,2.13
2020-02-18 00:00:01,24.47,14.2,59.3,5.3,99.9,0,,,,,,,,,2.13
2020-02-19 00:00:01,24.44,13.7,59.2,4.6,99.9,0,,,,,,,,,2.13
2020-02-20 00:00:01,24.58,12.3,58.4,4.1,99.9,0,,,,,,,,,2.13
2020-02-21 00:00:01,24.61,13.6,58.7,5.7,99.9,0,,,,,,,,,2.13
2020-02-22 00:00:01,24.47,12.8,59.1,5.8,99.9,0,,,,,,,,,2.13
2020-02-23 00:00:01,24.46,10.5,60.1,4.5,99.9,0,,,,,,,,,2.13
2020-02-25 00:00:01,24.48,8.5,60.7,2.8,99.9,0,,,,,,,,,2.13
2020-02-26 00:00:01,24.49,8.2,61.8,2.0,99.9,0,,,,,,,,,2.13
2020-02-27 00:00:01,24.34,7.6,61.8,0.8,99.9,0,,,,,,,,,2.13
2020-02-28 00:00:01,24.33,6.5,61.6,-0.7,99.9,0,,,,,,,,,2.13
2020-02-29 00:00:01,24.29,6.9,62.2,1.7,99.9,0,,,,,,,,,2.13
2020-03-01 00:00:02,24.34,8.1,63.7,4.9,99.9,0,,,,,,,,,2.13
2020-03-02 00:00:01,24.25,7.8,64.5,2.1,99.9,0,,,,,,,,,2.13
2020-03-03 00:00:01,24.19,10.3,64.8,2.0,99.9,0,,,,,,,,,2.13
2020-03-04 00:00:01,24.15,9.6,64.4,3.7,99.9,0,,,,,,,,,2.13
2020-03-06 00:00:01,24.06,7.8,65.0,2.4,99.9,0,,,,,,,,,2.13
2020-03-07 00:00:01,24.05,7.6,65.4,3.7,99.9,0,,,,,,,,,2.13
2020-03-08 00:00:01,24.01,6.9,65.5,0.0,99.9,0,,,,,,,,,2.13
2020-03-09 00:00:01,23.95,9.6,66.7,7.1,99.9,0,,,,,,,,,2.13
2020-03-10 00:00:01,24.08,9.9,67.8,4.2,99.9,0,,,,,,,,,2.13
2020-03-11 00:00:01,24.08,9.6,68.5,6.9,99.9,0,,,,,,,,,2.13
2020-03-12 00:00:01,23.89,9.0,69.3,4.7,99.9,0,,,,,,,,,2.13
2020-03-13 00:00:01,23.83,7.5,68.8,4.2,99.9,0,,,,,,,,,2.13
2020-03-14 00:00:01,23.84,5.9,68.5,0.7,99.9,0,,,,,,,,,2.13
2020-03-15 00:00:01,23.76,5.1,67.9,1.3,99.9,0,,,,,,,,,2.13
2020-03-16 00:00:01,23.7,8.7,68.1,7.5,99.9,0,,,,,,,,,2.13
2020-03-17 00:00:01,23.68,11.2,68.2,5.5,99.9,0,,,,,,,,,2.13
2020-03-18 00:00:01,23.49,14.8,67.1,7.7,99.9,0,,,,,,,,,2.13
2020-03-19 00:00:01,23.51,13.6,66.2,6.6,99.9,0,,,,,,,,,2.13
2020-03-20 00:00:01,23.44,14.3,64.7,1.0,99.9,0,,,,,,,,,2.13
2020-03-21 00:00:01,23.36,12.1,62.7,1.3,99.9,0,,,,,,,,,2.13
2020-03-22 00:00:01,23.3,10.2,60.1,0.7,99.9,0,,,,,,,,,2.13
2020-03-23 00:00:01,23.26,8.5,58.4,-1.2,99.9,0,,,,,,,,,2.13
2020-03-24 00:00:01,23.23,7.8,57.3,-2.1,99.9,0,,,,,,,,,2.13
2020-03-25 00:00:01,23.17,10.5,57.5,1.5,99.9,0,,,,,,,,,2.13
2020-03-26 00:00:01,23.14,11.3,56.7,-0.6,99.9,0,,,,,,,,,2.13
2020-03-27 00:00:01,23.09,12.6,56.0,-1.4,99.9,0,,,,,,,,,2.13
2020-03-28 00:00:01,23.01,18.5,55.3,1.8,99.9,0,,,,,,,,,2.13
2020-03-29 00:00:01,22.97,17.6,55.0,5.3,99.9,0,,,,,,,,,2.13
2020-03-30 00:00:01,23.96,13.6,54.2,-1.5,99.9,0,,,,,,,,,2.13
2020-03-31 00:00:01,23.03,15.0,54.3,-0.9,91.6,0,,,,,,,,,2.13
2020-04-01 00:00:01,22.87,15.9,54.5,4.5,99.9,0,,,,,,,,,2.13
2020-04-02 00:00:01,22.99,17.8,56.9,5.0,99.9,0,,,,,,,,,2.13
2020-04-03 00:00:01,22.88,18.0,57.8,3.4,99.9,0,,,,,,,,,2.13
2020-04-04 00:00:01,22.8,16.7,58.3,2.6,99.9,0,,,,,,,,,2.13
2020-04-05 00:00:01,22.75,22.2,58.3,4.6,99.9,0,,,,,,,,,2.13
2020-04-06 00:00:01,22.66,4.3,58.3,6.4,99.9,0,,,,,,,,,2.13
2020-04-07 00:00:01,22.7,31.2,56.9,6.0,99.9,0,,,,,,,,,2.13
2020-04-08 00:00:02,22.74,26.8,49.3,5.0,99.9,0,,,,,,,,,2.13
2020-04-09 00:00:01,22.69,26.2,46.2,7.2,99.9,0,,,,,,,,,2.13
2020-04-10 00:00:01,22.64,25.2,44.0,2.4,99.9,0,,,,,,,,,2.13
2020-04-11 00:00:01,22.59,23.8,42.8,2.2,99.9,0,,,,,,,,,2.13
2020-04-12 00:00:01,22.54,24.8,42.2,7.7,99.9,0,,,,,,,,,2.13
2020-04-13 00:00:01,22.65,28.3,42.9,8.3,99.9,0,,,,,,,,,2.13
2020-04-14 00:00:01,22.54,23.1,40.0,2.8,89.9,0,,,,,,,,,2.13
2020-04-15 00:00:01,22.48,22.3,38.0,6.4,99.9,0,,,,,,,,,2.13
2020-04-16 00:00:01,22.54,24.7,39.1,7.3,99.9,0,,,,,,,,,2.13
2020-04-17 00:00:01,22.52,25.4,38.9,3.3,99.9,0,,,,,,,,,2.13
2020-04-18 00:00:01,20.72,21.6,36.2,2.5,99.9,0,,,,,,,,,2.13
2020-04-19 00:00:01,20.69,20.6,38.3,4.9,99.9,0,,,,,,,,,2.13
2020-04-20 00:00:01,20.76,30.0,41.2,4.0,99.9,0,,,,,,,,,2.13
2020-04-21 00:00:01,20.96,32.5,41.5,5.6,99.9,0,,,,,,,,,2.13
2020-04-22 00:00:01,21.17,27.8,38.3,6.7,99.9,0,,,,,,,,,2.13
2020-04-23 00:00:01,18.95,24.8,36.7,7.1,99.9,0,,,,,,,,,2.13
2020-04-24 00:00:02,19.24,26.6,41.1,8.6,99.9,0,,,,,,,,,2.13
2020-04-25 00:00:01,19.42,23.1,41.7,8.4,99.9,0,,,,,,,,,2.13
2020-04-26 00:00:01,19.24,21.5,41.2,4.5,99.9,0,,,,,,,,,2.13
2020-04-27 00:00:01,19.14,22.5,42.0,6.4,99.9,0,,,,,,,,,2.13
2020-04-28 00:00:01,19.12,27.1,43.4,9.2,99.9,0,,,,,,,,,2.13
2020-04-29 00:00:01,19.05,25.8,41.0,5.0,99.9,0,,,,,,,,,2.13
2020-04-30 00:00:01,19.06,25.5,39.2,3.5,99.9,0,,,,,,,,,2.13
2020-05-01 00:00:01,18.95,25.9,39.7,5.4,99.9,0,,,,,,,,,2.13
2020-05-02 00:00:01,18.86,27.7,40.8,8.6,99.9,0,,,,,,,,,2.13
2020-05-03 00:00:01,18.78,28.6,40.9,8.0,99.9,0,,,,,,,,,2.13
2020-05-04 00:00:01,15.84,25.6,40.1,7.6,99.9,0,,,,,,,,,2.13
2020-05-05 00:00:01,15.64,24.3,41.8,5.9,99.9,0,,,,,,,,,2.13
2020-05-06 00:00:01,15.59,26.3,42.4,6.6,99.9,0,,,,,,,,,2.13
2020-05-07 00:00:01,22.39,22.9,42.5,8.0,99.9,0,,,,,,,,,2.13
2020-05-08 00:00:01,22.41,28.4,43.5,9.8,99.9,0,,,,,,,,,2.13
2020-05-09 00:00:02,22.56,32.5,45.0,9.7,99.9,0,,,,,,,,,2.13
2020-05-10 00:00:01,22.84,34.0,47.1,10.7,99.9,0,,,,,,,,,2.13
2020-05-11 00:00:01,23.17,34.2,49.8,8.1,99.9,0,,,,,,,,,2.13
2020-05-12 00:00:01,22.88,33.2,42.2,2.7,98.8,0,,,,,,,,,2.13
2020-05-13 00:00:01,22.78,33.3,40.3,4.2,99.9,0,,,,,,,,,2.13
2020-05-14 00:00:01,22.67,34.8,42.3,3.1,99.9,0,,,,,,,,,2.13
2020-05-15 00:00:01,22.55,34.6,44.8,7.0,99.9,0,,,,,,,,,2.13
2020-05-16 00:00:01,22.35,34.5,47.2,9.7,99.9,0,,,,,,,,,2.13
2020-05-17 00:00:01,22.3,34.3,48.4,9.2,99.9,0,,,,,,,,,2.13
2020-05-18 00:00:01,22.23,34.5,50.2,9.3,99.9,0,,,,,,,,,2.13
2020-05-19 00:00:01,22.25,34.6,52.7,10.9,99.9,0,,,,,,,,,2.13
2020-05-20 00:00:01,21.85,34.7,53.3,7.4,99.9,0,,,,,,,,,2.13
2020-05-21 00:00:01,22.11,35.0,57.2,9.6,99.9,0,,,,,,,,,2.13
2020-05-22 00:00:01,22.49,35.2,62.0,12.2,99.9,0,,,,,,,,,2.13
2020-05-23 00:00:01,22.6,35.0,61.5,10.7,99.9,0,,,,,,,,,2.13
2020-05-24 00:00:01,22.58,35.2,63.8,10.6,99.9,0,,,,,,,,,2.13
2020-05-25 00:00:01,22.25,34.3,61.9,9.9,99.9,0,,,,,,,,,2.13
2020-05-26 00:00:01,22.41,35.2,61.4,11.1,99.9,0,,,,,,,,,2.13
2020-05-27 00:00:01,23.61,35.8,64.6,12.7,99.9,0,,,,,,,,,2.13
2020-05-28 00:00:01,23.72,34.8,63.9,10.3,99.9,0,,,,,,,,,2.13
2020-05-29 00:00:01,28.04,35.3,65.6,9.7,99.9,0,,,,,,,,,2.13
2020-05-30 00:00:01,29.36,35.1,67.8,11.6,99.9,0,,,,,,,,,2.13
2020-05-31 00:00:01,30.51,35.2,69.2,10.7,99.9,0,,,,,,,,,2.13
2020-06-01 00:00:01,31.54,35.7,70.6,13.5,99.9,0,,,,,,,,,2.13
2020-06-02 00:00:01,32.27,35.4,70.8,14.6,99.9,0,,,,,,,,,2.13
2020-06-03 00:00:01,33,35.3,70.3,15.6,99.9,0,,,,,,,,,2.13
2020-06-04 00:00:01,32.8,35.2,69.6,13.1,99.9,0,,,,,,,,,2.13
2020-06-05 00:00:01,32.49,34.8,66.1,13.0,99.9,0,,,,,,,,,2.13
2020-06-06 00:00:01,32.38,35.0,65.1,11.4,99.9,0,,,,,,,,,2.13
2020-06-07 00:00:01,32.17,34.5,63.4,10.1,99.9,0,,,,,,,,,2.13
2020-06-08 00:00:01,31.91,35.2,64.3,12.2,99.9,0,,,,,,,,,2.13
2020-06-09 00:00:01,32.1,34.9,65.5,12.9,99.9,0,,,,,,,,,2.13
2020-06-10 00:00:01,32.07,34.8,66.0,11.7,99.9,0,,,,,,,,,2.13
2020-06-11 00:00:01,32.29,34.9,66.2,16.2,99.9,0,,,,,,,,,2.13
2020-06-12 00:00:01,32.66,34.8,66.0,15.4,99.9,0,,,,,,,,,2.13
2020-06-13 00:00:01,33.03,34.6,66.5,16.9,99.9,0,,,,,,,,,2.13
2020-06-14 00:00:01,33.54,35.0,68.1,16.5,99.9,0,,,,,,,,,2.13
2020-06-15 00:00:01,33.39,35.2,67.5,14.0,99.9,0,,,,,,,,,2.13
2020-06-16 00:00:01,34.34,35.2,67.4,16.6,99.9,0,,,,,,,,,2.13
2020-06-17 00:00:01,36.63,35.2,68.0,18.5,99.9,0,,,,,,,,,2.13
2020-06-18 00:00:02,38.82,35.1,69.2,17.2,99.9,0,,,,,,,,,2.13
2020-06-19 00:00:01,41.13,35.6,69.7,17.8,99.9,0,,,,,,,,,2.13
2020-06-20 00:00:01,42.61,35.3,70.6,18.9,99.9,0,,,,,,,,,2.13
2020-06-21 00:00:01,41.82,35.0,70.3,16.7,99.9,0,,,,,,,,,2.13
2020-06-22 00:00:01,41.47,34.9,69.4,15.4,99.9,0,,,,,,,,,2.13
2020-06-23 00:00:01,41.89,34.9,69.1,15.2,99.9,0,,,,,,,,,2.13
2020-06-24 00:00:01,43.14,34.9,69.4,15.4,99.9,0,,,,,,,,,2.13
2020-06-25 00:00:01,45.41,34.8,70.5,17.7,99.9,0,,,,,,,,,2.13
2020-06-26 00:00:01,48.59,35.0,71.3,20.7,99.9,0,,,,,,,,,2.13
2020-06-27 00:00:01,52.02,34.9,72.0,21.1,99.9,0,,,,,,,,,2.13
2020-06-28 00:00:01,58.57,34.7,72.8,20.7,99.9,0,,,,,,,,,2.13
2020-06-29 00:00:01,59.68,34.7,73.1,15.7,99.9,0,,,,,,,,,2.13
2020-06-30 00:00:01,58.82,34.9,72.0,17.2,99.9,0,,,,,,,,,2.13
2020-07-01 00:00:01,58.27,34.8,69.0,14.6,99.9,0,,,,,,,,,2.13
2020-07-02 00:00:01,48.6,34.9,67.4,16.3,99.9,0,,,,,,,,,2.13
2020-07-03 00:00:01,48.52,34.6,67.7,13.5,99.9,0,,,,,,,,,2.13
2020-07-04 00:00:01,48.36,34.3,65.5,13.9,99.9,0,,,,,,,,,2.13
2020-07-05 00:00:01,48.14,34.6,64.0,15.8,99.9,0,,,,,,,,,2.13
2020-07-06 00:00:01,47.56,34.6,63.5,13.8,99.9,0,,,,,,,,,2.13
2020-07-07 00:00:01,47.06,34.2,61.1,13.0,99.9,0,,,,,,,,,2.13
2020-07-08 00:00:02,46.91,34.3,59.2,10.8,99.9,0,,,,,,,,,2.13
2020-07-09 00:00:01,45.72,34.5,58.2,11.7,99.9,0,,,,,,,,,2.13
2020-07-10 00:00:01,45.65,34.6,58.7,12.7,99.9,0,,,,,,,,,2.13
2020-07-11 00:00:01,45.51,34.3,57.8,11.4,99.9,0,,,,,,,,,2.13
2020-07-12 00:00:01,44.87,34.5,57.4,13.0,99.9,0,,,,,,,,,2.13
2020-07-13 00:00:01,44.69,34.4,55.9,14.5,99.9,0,,,,,,,,,2.13
2020-07-14 00:00:01,44.56,34.7,56.8,13.6,99.9,0,,,,,,,,,2.13
2020-07-15 00:00:01,45.51,34.7,60.9,15.0,99.9,0,,,,,,,,,2.13
2020-07-16 00:00:01,44.96,34.5,63.3,11.7,99.9,0,,,,,,,,,2.13
2020-07-17 00:00:01,44.02,34.5,63.2,11.8,99.9,0,,,,,,,,,2.13
2020-07-18 00:00:01,44.65,34.7,65.6,12.0,99.9,0,,,,,,,,,2.13
2020-07-19 00:00:01,45.22,34.8,67.5,13.9,99.9,0,,,,,,,,,2.13
2020-07-20 00:00:01,45.46,34.6,68.0,18.8,99.9,0,,,,,,,,,2.13
2020-07-21 00:00:01,44.92,34.5,65.2,10.6,99.9,0,,,,,,,,,2.13
2020-07-22 00:00:02,44.69,34.4,61.7,12.7,99.9,0,,,,,,,,,2.13
2020-07-23 00:00:01,44.48,34.3,60.0,10.3,99.9,0,,,,,,,,,2.13
2020-07-24 00:00:01,44.36,34.5,59.6,14.0,99.9,0,,,,,,,,,2.13
2020-07-25 00:00:01,44.42,34.5,59.5,13.6,99.9,0,,,,,,,,,2.13
2020-07-26 00:00:01,43.88,34.6,60.5,17.4,99.9,0,,,,,,,,,2.13
2020-07-27 00:00:01,44.3,34.6,61.0,12.0,99.9,0,,,,,,,,,2.13
2020-07-28 00:00:01,43.65,34.4,62.4,17.0,99.9,0,,,,,,,,,2.13
2020-07-29 00:00:01,43.69,34.5,61.1,12.9,99.9,0,,,,,,,,,2.13
2020-07-30 00:00:01,43.17,32.6,57.8,13.5,99.9,0,,,,,,,,,2.13
2020-07-31 00:00:01,43.03,33.2,56.1,12.3,99.9,0,,,,,,,,,2.13
2020-08-01 00:00:01,42.97,33.7,57.3,12.5,99.9,0,,,,,,,,,2.13
2020-08-02 00:00:01,43.05,33.7,58.7,18.3,99.9,0,,,,,,,,,2.13
2020-08-03 00:00:01,42.95,33.5,57.7,16.2,99.9,0,,,,,,,,,2.13
2020-08-04 00:00:01,42.49,32.6,56.8,12.6,99.9,0,,,,,,,,,2.13
2020-08-08 00:00:01,42.44,33.4,57.8,16.3,99.9,0,,,,,,,,,2.13
2020-08-09 00:00:01,42.61,32.6,58.5,16.8,99.9,0,,,,,,,,,2.13
2020-08-10 00:00:01,42.57,33.1,59.6,19.9,99.9,0,,,,,,,,,2.13
2020-08-11 00:00:01,42.7,32.7,60.6,18.7,99.9,0,,,,,,,,,2.13
2020-08-12 00:00:01,42.45,31.7,60.3,17.2,99.9,0,,,,,,,,,2.13
2020-08-13 00:00:01,42.55,31.3,59.1,14.9,99.9,0,,,,,,,,,2.13
2020-08-14 00:00:01,36.44,34.6,59.0,13.2,99.9,0,,,,,,,,,2.13
2020-08-15 00:00:01,36.13,34.5,57.4,14.9,99.9,0,,,,,,,,,2.13
2020-08-16 00:00:01,36.37,34.3,56.8,15.8,99.9,0,,,,,,,,,2.13
2020-08-17 00:00:01,36.46,34.6,56.7,15.0,99.9,0,,,,,,,,,2.13
2020-08-18 00:00:01,36.47,34.5,55.8,15.1,99.9,0,,,,,,,,,2.13
2020-08-19 00:00:01,36.64,34.5,56.5,17.2,99.9,0,,,,,,,,,2.13
2020-08-20 00:00:01,36.82,34.3,57.8,14.2,99.9,0,,,,,,,,,2.13
2020-08-21 00:00:01,36.5,34.2,57.9,18.8,99.9,0,,,,,,,,,2.13
2020-08-22 00:00:01,36.44,34.0,59.8,18.9,99.9,0,,,,,,,,,2.13
2020-08-23 00:00:01,36.23,34.3,59.4,15.9,99.9,0,,,,,,,,,2.13
2020-08-24 00:00:01,35.98,34.4,58.2,15.3,99.9,0,,,,,,,,,2.13
2020-08-25 00:00:01,35.77,34.2,56.8,13.5,99.9,0,,,,,,,,,2.13
2020-08-26 00:00:01,35.61,34.0,55.7,14.8,99.9,0,,,,,,,,,2.13
2020-08-27 00:00:01,35.56,34.1,57.4,13.5,99.9,0,,,,,,,,,2.13
2020-08-28 00:00:01,22.89,33.8,58.4,13.3,99.9,0,,,,,,,,,2.13
2020-08-29 00:00:01,22.58,34.1,60.2,14.1,99.9,0,,,,,,,,,2.13
2020-08-30 00:00:01,21.28,32.8,60.7,10.6,99.9,0,,,,,,,,,2.13
2020-08-31 00:00:01,20.89,28.6,56.3,9.5,99.9,0,,,,,,,,,2.13
2020-09-01 00:00:01,20.23,26.7,53.8,8.2,99.9,0,,,,,,,,,2.13
2020-09-02 00:00:01,19.95,25.3,52.0,11.1,99.9,0,,,,,,,,,2.13
2020-09-03 00:00:01,19.72,25.5,52.3,12.4,99.9,0,,,,,,,,,2.13
2020-09-04 00:00:01,19.4,26.8,52.1,14.1,99.9,0,,,,,,,,,2.13
2020-09-05 00:00:01,19.08,25.2,53.3,13.7,99.9,0,,,,,,,,,2.13
